24
7
18
36
34
16
27
13
10
22
3
28
11
20
4
7
21
27
13
17
12
9
8
30
23
11
23
4
28
16
10
3
23
19
30
8
34
17
12
3
30
14
22
40
25
18
39
5
36
11
14
7
12
21
37
34
23
11
37
2
26
6
5
8
17
26
7
10
34
18
5
16
23
26
15
8
35
5
4
31
8
9
37
19
29
25
4
12
35
40
13
21
37
9
20
13
27
27
15
20
36
11
35
19
28
2
18
23
38
13
13
37
22
1
7
2
26
10
5
20
1
10
32
38
18
12
2
36
30
8
8
17
18
34
27
6
27
4
20
25
9
32
13
30
24
20
31
9
29
36
21
30
37
4
19
6
7
12
2
36
20
9
5
29
2
31
34
21
35
5
5
35
28
17
24
12
28
6
20
17
33
32
38
29
36
8
35
2
19
36
30
38
36
34
19
29
24
12
9
10
17
5
4
4
14
19
7
1
25
19
9
9
10
38
38
37
5
24
31
24
11
20
13
6
5
31
26
20
35
27
30
3
23
25
38
28
36
5
29
12
23
29
20
24
27
9
21
23
32
11
6
2
22
11
39
26
1
17
5
27
3
26
29
17
3
19
5
38
23
25
1
37
13
20
20
31
29
32
14
12
2
11
14
15
21
4
40
22
20
37
40
14
14
29
31
16
7
27
5
21
11
5
17
23
17
28
6
37
20
19
8
13
29
13
20
10
17
11
23
28
7
22
34
13
2
16
20
40
2
25
20
12
21
28
26
29
8
31
25
19
1
25
23
30
37
2
31
5
13
13
33
11
26
26
23
20
1
3
19
34
19
31
5
31
10
22
20
17
13
36
35
5
20
10
34
17
11
16
21
23
